맵쌀밥 152.0 3.0 100
검정콩밥 330 9.10 200
보리밥 321 5.80 200
바게트빵 279 9.4 100
피자빵 595.00 17.70 200
페페로니피자 532 29.4 200
콤비네이션피자 548 21.3 200
불고기피자 505 27.4 200
포테이토피자 628 28 250
수제비 378 15.00 650
막국수 799 34.80 600
콩국수 651 31.2 800
칼국수 530 23.10 700
비빔국수 512 15.10 500
잔치국수 310 13.5 700
쇠고기볶음밥 456 19.7 260
새우볶음밥 635 23.3 370
김치볶음밥 550 17.6 330 
육회비빔밥 442 19.2 300
돌솥비빔밥 558 20.5 380
순대국밥 673 28.60 900
소고기국밥 330.53 21.8 700
소고기샤브샤브 263.75 29.10 600
계란볶음밥 584 17.2 260
짜장면 529 16.2  600
짬뽕 464 22.3 800
삼선짬뽕 662.37 39.63 900
삼선자장면 802 33.64 700
불고기버거 499 27.8 200
치킨버거 475 24.9 200
돼지고기수육 936 59.6 300
닭죽 177 10.7 400
소고기버섯죽 578.28 18.75 800
채소죽 173 6.7 400
전복죽 317 7.3 400
팥죽 324 12.7 400
초코시리얼 407 6.08 100
옥수수시리얼 434 5.56 100
참치김밥 435 177.50 250
돈까스김밥 646 18.50 320
소고기김밥 400.61 15.98 250
참치마요삼각김밥 398 11.9 200
구운소고기(안심) 267 26.46 100
모듬회덮밥 583 37.3 410
회냉면 741.00 29 500
물회 529.36 34.4 700
잡채밥 825 22.1 550
찐고구마 277 3.30 200
카레라이스 134 2.7 100
하이라이스 401 14.5 360
오무라이스 162.00 4.8 100
함박스테이크 347 24.2 200
볶음우동 385 8.40 300
떡갈비 403 42.8 200
곰탕 145.00 20.6 600
꼬리곰탕 135 22.5 500
도가니탕 198 41.8 500
새우탕 163 25.8 500
마파두부 174.00 11.70 160
고추잡채 128 5.5 100
떡만두국 666 21.2 600
사골만두국 606 26.2 700
소고기무국 123 14.20 400
소고기미역국 151 18.10 650 
닭튀김 903 65.2 300
안동찜닭 1364.21 114.20 150
간장양념닭다리구이 740 68.90 300
닭구이 872 89.10 340
닭곰탕 330 48.8 650
닭개장 142 19.2 700
감자탕 375 33.4 530
돼지고기장조림 72 15.6 100
돼지고기볶음 350.67 22.96 200
돼지고기김치볶음 371 27.2 230
치즈돈가스 755.37 42.02  250
등심돈가스 622.83 32.99 200
안심돈가스 651.75 33.28 200
갈치찌개 94 13.2 250
두부된장찌개 110 8.80 270
돼지고기김치찌개 90 8.5 200
순두부찌개 85 9.1 200
부대찌개 737 35.20 600
어묵김치찌개 98 4.7 260
동태찌개 87 12.2 200
된장찌개 91 6.8 200
오징어국 91 11.10 500
돼지갈비찜 581 39.90 300
소양념갈비구이 989.15 60.10 300
